213
128
76
188
240
67
129
176
128
152
133
113
122
59
141
228
106
140
118
121
91
90
111
119
96
151
147
116
215
213
118
122
110
116
133
81
161
165
204
207
166
165
196
72
120
163
81
210
388
195
132
98
160
108
183
197
103
160
132
195
104
79
103
82
107
164
144
158
113
87
94
130
89
282
168
97
177
122
127
222
128
207
237
172
76
209
91
178
107
49
161
79
90
151
147
106
153
187
131
97
187
119
177
112
153
130
149
87
121
147
86
115
170
252
172
115
217
133
121
181
118
92
161
133
203
344
155
135
135
151
97
156
137
168
126
312
105
215
191
191
54
141
107
154
142
86
75
110
156
115
177
185
112
121
178
186
184
235
91
176
154
145
205
172
132
148
188
134
125
165
164
111
255
141
184
85
135
139
181
311
108
140
132
111
200
135
136
114
111
171
190
109
201
178
143
186
115
213
169
131
171
165
166
214
194
131
140
81
121
157
143
179
121
91
99
133
152
115
75
130
177
121
147
141
281
161
210
99
142
132
67
81
86
171
185
115
64
162
225
127
129
119
94
97
111
128
179
78
290
119
121
147
209
151
123
251
170
121
144
238
280
206
187
138
128
257
211
162
156
96
166
161
157
257
147
108
86
196
143
185
122
316
120
108
89
109
140
96
116
130
239
148
306
86
201
132
156
155
120
214
226
233
135
297
129
248
97
224
151
192
267
191
158
117
102
237
108
338
107
128
397
221
94
67
118
147
178
179
164
182
143
276
300
103
184
141
148
145
171
161
187
155
144
235
151
157
208
189
183
85
155
99
211
193
141
169
168
107
253
178
79
165
149
213
234
96
94
140
196
73
175
163
182
172
185
134
186
151
202
167
143
230
234
112
222
191
339
126
98
266
219
266
189
243
201
141
86
91
105
280
193
188
117
249
278
278
71
125
142
109
240
109
157
192
238
143
141
101
277
168
151
126
229
108
147
164
103
118
212
168
129
274
101
219
179
99
119
170
176
163
104
190
206
164
223
141
191
138
177
108
136
212
152
119
161
146
123
270
121
71
160
181
231
58
154
202
172
199
191
226
235
195
154
151
198
111
148
149
300
155
188
200
261
317
119
260
137
169
274
137
205
188
131
158
135
173
243
168
506
87
343
419
261
176
186
180
259
170
152
197
202
246
98
130
269
195
227
108
269
172
289
308
243
196
186
117
118
185
299
89
157
153
248
194
209
167
235
398
200
194
127
221
190
228
199
165
335
136
150
174
209
308
112
148
149
193
256
149
144
140
212
191
116
171
83
109
179
131
175
243
373
222
132
83
251
211
287
243
115
193
223
84
279
369
133
169
131
224
237
223
93
181
163
179
172
169
191
131
220
99
148
111
248
160
154
125
137
270
135
214
117
205
131
168
108
208
163
158
170
272
251
170
298
101
91
149
253
223
210
138
294
271
200
159
138
152
133
256
186
134
201
187
254
160
198
144
262
179
150
275
232
293
193
173
107
99
239
97
183
283
139
62
150
135
256
144
211
105
338
179
170
89
125
125
441
202
262
148
158
255
223
143
125
197
180
245
186
240
211
156
106
116
248
249
267
150
196
273
167
235
93
182
402
199
111
178
163
241
223
181
240
184
263
165
176
323
243
284
127
203
174
195
163
259
141
130
231
120
291
159
193
88
307
151
292
193
117
163
231
185
159
258
184
420
334
280
135
244
172
291
220
220
154
362
155
202
121
248
256
110
140
307
191
116
193
172
269
167
148
222
173
490
165
147
199
254
79
134
229
79
152
187
241
270
44
109
289
327
204
250
220
235
289
67
91
300
154
168
146
226
262
137
189
125
193
187
271
192
165
189
241
143
265
187
272
138
261
144
150
152
132
218
214
225
193
235
189
78
183
253
388
255
149
176
282
180
126
152
102
160
185
187
317
153
173
252
179
71
233
230
112
241
188
223
253
138
216
314
88
241
149
172
285
232
317
266
507
560
245
256
304
161
382
195
165
264
96
307
155
180
212
307
171
265
252
85
369
156
188
340
321
260
344
179
208
304
240
360
271
334
242
345
162
205
239
171
250
303
366
149
132
319
211
355
159
226
255
199
161
109
223
266
275
483
255
258
384
344
118
218
140
194
316
177
227
218
365
124
155
300
311
333
140
235
242
308
181
178
276
195
217
143
239
292
431
247
220
65
291
266
279
307
446
268
159
164
103
192
468
181
343
271
304
137
182
223
498
349
192
127
320
392
239
68
183
257
241
150
118
238
235
212
119
221
238
172
109
177
225
338
89
188
229
255
183
209
204
163
299
50
160
273
259
222
279
146
192
262
195
76
317
279
302
285
174
154
150
160
103
233
159
235
229
161
174
200
326
123
171
228
194
369
72
116
129
132
186
299
278
268
176
258
206
136
198
162
267
222
140
316
217
311
177
59
126
195
290
147
186
203
203
117
127
90
103
120
81
189
58
65
164
168
123
109
179
76
102
109
89
110
66
115
298
102
522
94
161
146
305
120
137
140
131
80
95
226
120
208
109
200
130
109
148
180
117
156
110
118
121
280
166
238
138
177
116
158
173
112
124
113
96
91
129
67
127
116
86
74
120
92
115
148
140
126
127
115
82
85
121
136
104
150
71
94
72
62
102
90
95
116
203
105
266
144
123
117
124
62
77
84
56
83
154
135
358
185
126
149
180
201
252
146
78
156
125
54
69
263
78
142
121
103
113
375
130
104
169
103
150
200
107
83
75
123
129
159
72
75
202
92
86
102
121
77
91
127
98
92
146
104
87
119
76
58
121
261
86
85
235
173
162
72
97
161
96
127
113
79
78
88
177
122
133
91
164
108
94
146
133
200
106
142
148
105
207
183
77
62
287
88
108
131
175
139
112
156
57
112
94
157
144
131
98
101
123
62
76
297
130
136
87
121
202
272
79
75
154
75
145
201
205
214
66
108
78
86
117
214
117
42
143
82
78
122
84
176
60
212
62
96
169
126
186
66
74
148
106
153
93
81
110
181
197
104
70
154
128
112
114
59
145
72
90
81
87
128
123
100
123
142
131
134
86
84
306
89
96
128
201
282
130
143
183
139
123
141
215
183
94
97
90
157
156
80
91
54
91
295
130
116
96
198
163
128
124
116
90
102
240
94
108
420
258
224
66
70
109
133
203
189
235
170
160
209
65
107
241
215
128
63
445
94
243
282
101
102
209
104
85
107
129
155
232
149
123
87
103
177
131
157
122
171
139
156
128
99
91
126
115
125
69
61
130
218
91
119
201
151
141
89
143
212
68
332
129
151
97
87
173
117
94
162
202
130
84
103
120
138
116
227
86
107
94
125
162
100
138
181
223
100
158
184
147
136
164
222
105
89
149
133
121
172
393
186
157
223
109
172
186
144
245
181
184
138
407
85
97
87
168
209
183
121
144
168
156
210
248
122
237
227
118
219
113
219
179
224
114
185
143
125
72
126
146
66
354
84
152
127
123
186
139
74
128
106
125
70
67
175
146
235
128
196
112
93
121
107
119
141
101
77
111
190
254
308
226
138
170
262
132
90
177
189
187
171
138
170
199
81
129
88
150
152
124
153
133
79
149
158
151
108
170
156
142
114
135
84
73
124
266
103
236
148
146
125
149
139
134
77
101
153
138
186
110
115
100
111
130
146
79
123
203
119
271
93
187
75
160
107
142
78
166
105
95
106
172
153
97
90
134
56
228
72
241
94
124
300
141
86
177
77
164
246
153
115
238
122
108
127
121
176
147
104
152
128
103
109
154
79
178
87
71
131
114
106
66
212
153
179
126
150
72
103
93
148
244
169
137
211
56
163
79
101
99
97
222
148
94
168
86
97
151
180
94
97
127
174
174
105
80
113
78
160
100
169
189
181
112
75
99
120
122
90
80
162
94
103
195
218
107
70
184
113
94
144
89
175
126
209
104
93
64
174
97
106
115
193
65
226
84
96
195
133
114
180
179
145
107
393
63
85
121
135
105
162
205
155
221
84
147
130
207
98
121
109
120
118
132
131
127
148
77
136
180
147
179
36
107
121
60
46
116
61
31
109
138
111
104
85
130
75
99
113
100
65
95
56
101
103
89
67
70
33
19
39
31
27
50
22
68
47
30
35
37
74
46
106
87
30
91
169
101
72
50
39
88
48
48
47
74
18
109
75
32
32
118
45
39
49
55
127
34
28
71
71
75
73
63
28
82
72
63
94
53
19
25
58
137
78
31
83
53
45
41
53
31
81
42
90
99
147
51
28
83
54
68
59
64
37
48
48
53
35
62
37
84
90
47
34
81
54
60
39
29
49
66
64
45
136
58
71
95
57
54
48
65
19
88
52
57
50
54
18
41
61
73
97
51
101
22
80
61
43
89
34
92
63
146
87
65
74
145
96
47
81
102
90
143
78
114
90
52
37
107
34
35
71
24
38
33
59
40
55
80
90
90
40
55
40
50
93
36
37
48
121
25
42
35
44
151
61
41
46
191
206
44
65
80
69
94
44
90
86
105
172
72
121
79
154
93
168
46
111
130
27
59
33
112
127
42
59
61
166
95
32
182
140
83
41
109
215
44
107
60
89
110
116
81
144
154
105
54
134
90
72
77
105
175
159
185
59
69
82
142
70
122
152
73
179
152
134
101
116
108
133
165
75
80
171
197
96
67
223
169
176
144
243
245
122
163
116
139
196
110
91
103
189
97
91
182
138
129
131
142
332
131
75
121
130
178
156
157
85
89
101
82
83
81
55
78
238
196
145
108
154
173
114
125
121
122
130
97
141
303
181
124
142
90
136
69
136
139
174
99
64
116
78
173
132
130
143
115
112
85
115
114
176
112
99
145
121
99
152
203
159
85
190
166
168
201
248
144
142
144
134
104
101
83
82
89
76
208
169
133
120
98
150
100
118
156
121
146
94
139
136
93
82
208
105
113
100
179
109
76
80
90
98
118
149
98
100
68
79
92
75
79
87
55
97
116
130
68
57
77
99
75
57
74
74
140
81
76
95
81
97
87
109
87
88
85
71
67
68
113
63
75
116
155
138
94
145
113
85
90
123
102
89
79
128
47
76
83
74
103
160
166
93
117
83
104
102
156
150
104
104
153
188
115
98
123
115
60
158
55
116
77
163
117
90
93
112
88
99
164
113
156
102
122
98
118
152
103
93
105
147
111
98
83
101
71
104
58
56
89
108
170
113
106
135
87
53
68
91
88
92
69
134
131
200
89
117
198
66
99
126
112
139
133
172
61
69
133
172
99
44
133
100
74
87
126
133
145
139
151
67
172
147
82
120
99
71
98
63
156
141
157
169
146
126
89
62
142
170
69
59
173
193
168
127
114
78
98
114
182
124
149
214
185
83
37
112
153
300
128
77
65
56
174
132
98
188
147
98
78
114
96
65
157
81
207
36
40
109
82
168
152
168
97
54
51
104
72
52
71
133
74
92
116
113
69
29
66
54
59
133
62
63
30
19
111
79
36
139
100
106
139
71
59
77
510
103
179
159
131
64
59
134
129
102
83
80
76
52
78
173
133
119
51
45
78
132
97
68
60
99
68
106
51
72
69
65
121
60
102
51
110
53
56
72
73
65
60
68
101
120
89
69
103
126
126
97
65
96
96
103
133
90
91
134
119
58
68
69
76
22
82
65
131
60
55
100
35
112
55
113
72
40
85
87
83
95
279
73
81
52
86
113
65
90
84
106
105
82
82
111
99
68
104
165
114
98
63
156
141
157
169
146
126
142
73
79
89
19
170
172
100
65
105
69
103
19
16
143
30
150
128
105
126
154
48
125
88
109
191
110
98
142
110
130
67
116
184
208
193
75
127
168
114
114
182
180
149
214
249
124
123
169
111
135
162
107
148
141
102
121
186
130
85
198
199
124
176
133
153
111
106
148
121
172
99
118
107
185
156
738
112
51
279
172
117
66
102
106
147
119
76
52
152
188
30
35
62
51
25
21
41
44
35
30
44
49
62
78
59
83
74
28
113
29
22
13
56
97
107
54
31
52
63
134
152
188
109
71
72
66
126
96
65
52
90
20
65
77
30
121
36
133
30
63
134
44
52
59
93
31
87
52
133
145
139
103
126
151
67
137
73
22
104
55
36
28
49
23
49
181
21
74
99
51
91
50
81
84
110
84
79
114
103
90
79
91
114
50
105
76
112
92
77
38
93
55
109
88
113
132
126
62
77
132
111
76
100
136
109
69
50
83
52
118
23
99
99
102
91
109
69
114
106
60
165
167
81
74
60
76
127
158
74
115
86
64
74
88
119
76
52
109
77
117
115
98
57
67
129
96
126
101
67
89
147
73
157
106
102
98
52
300
114
121
169
208
184
116
186
67
130
107
72
83
37
112
153
128
118
108
111
67
133
156
67
43
84
15
79
65
16
15
23
104
21
18
16
40
78
20
61
130
29
56
72
102
55
118
23
98
28
71
30
34
41
72
40
134
107
98
117
77
109
127
51
71
59
179
159
131
64
59
102
83
69
51
65
147
60
55
131
104
78
111
77
41
28
72
113
126
26
38
60
19
32
16
18
34
20
31
38
28
68
99
52
79
69
82
120
104
115
91
108
67
36
35
84
90
84
74
83
34
76
51
72
40
14
73
90
26
112
77
510
103
119
68
139
131
78
132
18
44
65
101
166
131
78
71
77
65
99
52
69
132
80
77
80
127
133
144
67
108
172
90
112
114
95
78
66
106
155
126
107
74
45
115
44
75
92
119
107
94
124
35
25
60
94
144
82
156
147
164
211
105
94
75
42
92
27
51
31
117
85
57
56
137
112
74
173
123
738
82
110
143
154
126
105
125
162
102
111
148
67
98
78
176
34
27
29
33
36
48
39
109
73
72
196
114
82