0.3803156798570447
0.5396042619906605
0.5911113530047998
0.6019846164115936
0.7273634090211111
0.5685175466109764
0.6258949486936539
0.4918191089259336
0.48794883734167
0.48922813580913643
0.7360915878365774
0.7459071327090134
0.7010510016037864
0.6235047033432951
0.684498265282243
0.6761445423972126
0.49036275777759747
0.4612575537933171
0.7863396317662499
0.43111658266404523
0.4805032274197241
0.6008641391379721
0.4835756979223284
0.5933227338555309
0.6919063832042832
0.5830421704622338
0.920006398072929
0.47806968614645134
0.6089619851380266
0.7055828473452574
0.5211000734389318
0.5590713007897652
0.5940858218910072
0.6554196503959292
0.752013440372098
0.6087558580219231
0.7887985852371895
0.8250815242400873
0.6387665272829082
0.4976046140645201
0.6387176175975319
0.5956086235776803
0.6614479288027991
0.6693578776879574
0.6063191331258891
0.6205858338566963
0.6439078750200707
0.5435265593703563
0.7001892921391574
0.6256675866080685
0.48609660000502897
0.5626837029418824
0.637140661430511
0.5540787849309206
0.6433253242304192
0.5784427399980826
1.1416808855824183
1.6550347737340347
0.6686433672509782
0.795740323547477
0.5200670228921214
0.8168041111060396
1.1603587067372443
0.6456283281338218
0.8041701176812348
0.4738920776188037
0.6158042745241505
0.6422164609632816
0.5323246822120101
0.6737894179091678
0.6186370619721087
0.6675373790326207
0.5309012982837636
1.6482124277060752
0.4711665838098119
0.5979714290192158
0.6951588274869227
0.5960278956891332
0.7658382292117372
0.533997498522109
0.651577058738126
0.4915992604279406
0.5507173232350303
0.7392141130124028
0.5792333998015565
0.6091136260623541
0.7738886408676019
0.744384277055514
0.8891320380107576
1.2926696739040757
0.7628544033900578
0.6160331529001843
0.6824452316917491
0.6938698940419388
0.7414896779299123
0.7466311244459825
0.6364941770272247
0.930380833956169
0.661849403200299
0.9450046938221591
0.5923929057892316
0.6800830646622555
0.640264299879492
0.6768148816080255
0.5893043060970228
0.6678703499353771
0.5248732468414122
0.6370253572132683
0.5457926183406134
0.6086440707627526
0.6016189763571017
0.623167438556485
0.6212128600374565
1.7292100428063815
0.6443958316828478
0.548971751136559
0.4912397071303844
0.6899808495104028
0.6014068214142771
1.713362004087469
0.7143556778667436
0.7544064773139857
0.5181423207167233
0.5445874824055179
0.5412295419911725
1.9648717887305123
0.5568192867175417
0.6371218016139514
0.6817162061556925
0.587370867469153
0.5663031305595428
0.5968505272470941
0.5948289725557101
0.49252286995650124
0.6022844072777255
0.9127478071371804
0.6712943015178433
0.5223570093390008
0.6511553836541439
1.752672512023444
1.074162919855377
0.5929341273097352
0.6865249379732541
0.45779458103839704
0.6123510706385719
0.5755022860999497
0.8633867043941672
0.5590878947833916
0.4580629174735179
0.7302823087484617
0.8701107724049694
0.5062430509029407
0.4876309507672652
0.5887318010256716
0.5221394743181259
0.6003000746100979
0.5465212958898389
0.8930395255676884
0.541242402143195
0.5484924185655498
0.47699477025041254
0.736150232287526
0.5833101760094342
0.7180931286303377
0.6200119075727507
0.7160660866991815
0.7822621501436737
0.5390780223775334
0.6762634572130536
0.953523604450726
0.507349110607453
0.4444525690382065
0.8171435055338672
0.6517739452689674
0.6842842158137394
0.5889828335142835
0.6814479862274097
0.5363941408435391
0.6185240678501042
0.5871687716850538
0.6128913706348352
0.5493944460118404
0.5811639899391029
0.5584195335544608
0.6546639211902124
0.48953461086923483
0.5458468433472901
0.5859148072564525
0.5228011225165267
0.5272036218962535
0.618689794330739
0.6704162495818775
0.5415785093449745
0.8885976232316133
0.5541015437777201
0.6368285723197068
0.49866978600522704
0.5556632815380633
0.46960949193822166
0.805731578649089
0.764673383361311
0.7387410016810196
0.8822659103388423
0.4973116845247378
0.7945381025216635
0.5384694259869014
0.49837840497242436
0.5798951206717257
0.5586839322945191
0.55865381254082
0.5307310495208456
0.49013974362179064
0.765144126507126
0.5232150472316971
0.8421901453631254
0.5706538519522241
0.6339415709525592
0.5752763413108337
0.8154758193075602
0.5272644621316166
0.4599648754489544
0.6637120148836774
0.467008318152385
0.6901257766805596
0.6297860490536002
0.6521959154792933
0.4948551254694327
0.7308802109742137
0.5129566022141162
0.4873159305591499
0.6402768012385843
0.5015287688581765
0.6664098295546715
0.5578627692746598
0.48849454590806507
0.47487291753145755
0.740683126352985
0.5895129573978017
0.73740692095341
0.47427499993146627
0.5905801188658641
0.5535565830789001
0.8187040838818206
0.6115801994201246
0.5115995938308036
0.5188287809426592
0.6446732990421195
0.6843619481553246
0.6268212999585552
0.6787640365351775
0.5182881007814414
0.6572582360190079
0.7323249309035571
0.5739063546393208
0.6267418160148356
0.6888598949626838
0.5509283987889073
0.6845477531426035
0.48811634213671923
0.7387522759372985
0.8545517146306558
0.5973818523551377
0.642966412160596
0.5035460455075162
0.5239892649289641
0.7875679172852661
0.5614174936552141
0.6595273548567843
0.6259366268984785
0.7326190363466211
0.5011987299636137
0.4821229370563179
0.5644009168570443
0.684483245220401
0.590294878698498
0.6413643928382643
0.5420935740476162
0.5583879471604568
0.8227521840426026
0.4180655367718417
0.5525051426288766
0.6823134767594895
0.6398393489317368
0.6277377209888708
0.5483376027019902
0.6606202794814973
0.5657877776684302
0.680239888361649
0.5078322608431717
0.5364821919657016
0.6943772896148824
0.6293427606090332
0.5002311957853661
0.5665350586643617
0.5531510545053748
0.6010003346117728
0.6063511246773353
0.5426140033040942
0.5031913464525394
0.776542567614491
0.7087210273386313
0.6109750075682913
0.7973217609616942
0.5848634997133433
0.5893009361615172
0.8322333789668958
0.6083543730177243
0.6559464720284819
0.913080327176986
0.6053871995090299
0.6865555199130658
0.7259375043951711
0.4972071186609557
0.6833968434925511
0.6116185225189532
0.6690152018000123
0.6781646970407555
1.3246617355053794
0.6307080602715405
0.6933554990492492
0.707893054832753
0.548935491585759
0.5361803387064576
0.6571517307198853
0.6810019666142106
0.5607787543879837
0.7552271057583343
0.7324596023031458
0.5053339243275705
0.4990510443665462
0.49016399454487836
0.6103416410734253
1.824055264372209
0.5739666168220262
0.6257776184811437
0.6796734672953426
1.141754179114831
0.49016198447245796
0.6310542878678492
0.5592109437219716
0.5456399730208983
0.4183825486339293
0.5521128551277849
0.601883327845167
0.8910049953284588
0.7055000677264263
0.38850817133622095
0.5117771802885738
0.5695810300611541
0.5671330078666615
0.449655665840085
1.012357303895054
0.8400340253688258
0.5189438117131727
0.669370181651325
0.7931742757643829
0.6907750552141532
0.5395378615771723
0.6785231166221224
0.4545332044367245
0.649460792028911
0.5070806545381227
0.5186708841188181
0.5123358064210469
0.747239082176957
0.5784941915567746
0.7676989012723938
0.5533391338942428
0.526682614502684
0.6440608239662299
0.8459566420658482
0.5089939570801536
0.6396280958453163
0.6901906730840915
0.7691282826651298
0.5423870001316498
0.6562977495182083
0.6866882339640002
0.6582854153658234
0.6187970407240342
0.4654084060941042
0.6922411680075637
0.6674855379142455
0.5269036338242239
0.7016451121315557
0.5091063251516336
0.5616817159526953
0.6632360084829181
0.5640158157205687
0.575813414774177
0.8726976497895998
0.6288089020893802
0.7832763647646497
0.5660646763677332
0.5334581690879326
0.7014679484930727
0.6120876306659104
0.6757829040269755
0.46379093691139184
0.6818287198516217
0.5744415845065989
1.450312851242988
0.48519494117390105
0.6378768958529963
1.0004327908126605
0.6339703890302741
0.6251865692608707
1.0168085987921671
0.6047129760297825
0.5012783767033168
0.6916939231748537
0.6043999745432985
0.48978981105415514
0.4625187879384887
0.47009760702198866
0.4743434016528214
0.5383636357105561
0.6377272316636701
0.6151245303162771
0.7130164426914722
0.4831044676783474
0.6232893800386126
0.3799883583486209
0.5504922063832899
0.5382187287663541
0.531549610250652
0.5061809122097534
0.4713598430080308
0.4903767221619853
0.5309498069389006
0.9928196401995428
0.584081082379429
0.5737935085737056
0.4922656119727001
0.5473909921282865
0.806681682870164
0.5938572356762608
0.5647379484391418
0.5207093233402827
1.607921717340814
0.5694246186954037
0.4750950159211025
0.577829853088664
0.5209390489027856
0.46892256529882814
0.5324184237606119
0.5939197972552105
0.5681716241473342
0.5770417433191471
0.6202633117576103
0.6191693396133509
0.49923693380842077
0.5882986409180623
0.643292604500957
0.517061893469546
0.4999900094885576
0.5597110800702149
0.5877226743318968
0.7936523209684884
0.6859947576187833
0.4494748112185467
0.67466527552484
0.8258677834269281
0.6365739382917897
0.5110298259642624
0.4115834194144446
0.4795828524342734
0.7330847942804865
0.7739421470725244
0.5829613114614143
0.5889788730235979
0.5983881214670038
0.5997888336090631
0.6290393523057661
0.5706714704895395
0.582697273943206
0.5605083534104195
0.5387763570676826
0.6187128099588571
0.5010021526369682
0.5559848245242526
0.6141867079571993
0.5898414782316231
1.3636899973066032
0.5305883867736815
0.4908224857330981
0.576036723579155
0.517358565119085
1.564052946347521
0.5165778378278035
0.49227848420624293
0.4981589965375709
0.679938010031466
0.619025564921417
0.5609546476554066
0.5001995889849318
0.6203725755779137
0.8591177218979094
0.7121594163775877
0.5508013608761819
0.6767282210187389
0.8519893920633759
0.7986164574205253
0.9223236406780155
0.6866472365003473
0.6820877809761864
0.5651958269302293
0.5322735613500439
0.7215350487622657
0.6791463870350702
0.7113600742176112
0.5214461803939416
0.5200203869416988
0.6358503340371771
0.6403699642009819
0.4453480974572026
0.7278166238247867
0.5220988404170929
0.4551747437071691
0.6426735165628212
0.48421899709484384
0.7812948999748254
0.49803460508160285
0.5363886439635184
0.7470806848233456
0.606799856951538
0.7212410911057612
0.6768699517013327
0.668912795225391
0.4793468534594837
0.5765129514729469
0.46428611013046023
0.7978648967804642
0.6465675740652658
0.5027480235154662
0.5222902729558374
0.6172176442770091
0.6413857459887403
0.8917764904646699
0.5404219075848767
0.5686780716851146
0.6117449712561616
0.5538050680538354
0.8287432469335942
0.6420910339802667
0.43456974963110767
0.7542234928153161
0.6320120757875275
0.5623617453347841
0.5736680424236655
0.5762133045306832
0.7670283057029543
1.3999733458392531
0.7587359707906491
0.6437813676440327
0.5655873024065774
0.5727319204274393
0.6190808232876928
1.0235543122705415
0.5402245780532039
0.48588930872374386
0.4632025471713687
0.9178121049827903
0.430589320988137
0.8476444546428755
0.5493784158091018
0.47761700124189915
0.5827094570550406
0.5059845211465144
0.6402390875386068
0.8043920599122627
0.7646586641904338
0.4934702016171578
0.7370359180323204
0.5500174319254441
0.8016369283594638
1.7435096572297668
0.6223166072304477
0.5300815478229483
0.43522874671702466
0.515901913346
0.5562070719353884
0.796649296812733
0.6760084525096872
0.5751615161679586
0.5006490597175421
0.5888449510929917
0.859352749058685
0.7553155956213715
0.4573441190954551
0.843624203681155
0.6886617921235046
0.6033860567359361
0.47691737838797194
0.47303985339857896
0.5432235940191897
0.5511836370610979
0.5259117171613054
0.5054862044080204
0.5360695437557812
0.6599635431504779
0.6281532086049143
0.5939398455539879
0.6378899244551924
0.6998394577396714
0.5551401546208627
0.6387420370481057
0.8002450111221145
1.4641125018538677
0.6289790537748091
0.7234263302542313
0.6296099904788655
0.6655131952169914
0.5496974030909618
0.6238370670569309
0.561018359853955
0.5106265219345278
0.7451714536475514
0.7226232740438664
1.3163444703063483
0.6724868475376582
0.5837697079340265
0.7327854458863776
0.609095328126555
0.5299917113324785
0.565694032970254
1.4692400020275789
0.5507095437458884
0.6832883699806288
0.4920368977191248
0.6598270627190834
0.833420054009939
0.47845492814755547
1.4983003522239289
0.5003105675550454
0.5623415998731381
1.5010324914370272
0.7624091472674186
0.7007191228840726
0.5457608441679729
0.5605543868650513
0.6727708785112386
0.5375736167778825
0.799471140734594
0.8431343184324864
1.381780863796123
0.4859487450679168
0.6371084482532794
0.8242534097055596
0.5837112066872233
0.5957194441629723
0.8598028000406395
0.5450910691196269
1.52488014711756
0.5034018854379954
0.630670341482791
0.4560781149756641
0.5868246421981341
0.5534786044270151
0.47076791245981553
0.6167799397041263
0.5643105398404759
0.5607361098972691
0.6793025002161743
0.7697199247947589
0.48631160470006873
1.420318767308116
0.5637745752104791
0.8155225341407274
0.4914551254990417
0.45682851888758874
0.6283662835800999
1.5208849284920272
0.6395652252645452
1.062088615846264
0.4591461875349803
0.631664970761342
0.48506248817625003
0.5701173530798198
0.6466849815776281
0.5263309502865886
1.6138147242555216
0.6482177230093253
0.9310671170817953
0.46431945351571635
0.6285447695667133
0.6151506316278357
0.723015015989399
0.5128396096281415
0.5262147131378485
1.3392909983853367
0.5408769627090213
0.6720699775149626
0.7533214225700283
0.615280230871372
0.5143494320118092
0.5887721849244427
0.6853870349956364
1.539887183852398
0.5741033834280801
0.742619068824939
0.9584093594770866
0.7715077137913021
0.623366909900791
0.759480898869051
0.5008026257538258
0.5958844958340818
1.707691291656884
0.7335859627446811
0.5292520178372533
0.8149291853399301
0.549539598745672
0.5529619566808238
0.5729677533833772
0.5639187952024561
1.6271405696252421
0.6538071170208803
0.5944575579998425
0.8189423247991026
0.5120179797288879
0.6393100429825644
0.47030490103666056
0.717541331151865
0.9916898924696711
0.6886628478347352
0.5457926819530546
0.7310426286817674
0.5249014254824618
0.44961772580997555
0.781605464906004
0.7667565585635808
0.9075653575665307
0.7155177975379867
0.635560105346665
0.5804924229007284
1.5009571863171693
0.5868350545997499
0.5695349604006619
0.6877097948570188
0.658597585021723
0.6856615009197468
0.8082573829000442
0.47961729531892516
0.6832872023734321
0.5974572425695637
0.7817809255014057
0.7698816638504391
0.6144924075988192
0.44996542418945007
0.6977129628453171
0.43997076299257554
1.301710744798885
0.6303764766542173
0.8420256860339308
0.5659454513727683
0.582267244416638
0.49951412204524565
0.5530807648739182
0.6537067749573929
0.5882569046042877
0.6162752924125151
0.6261073101215435
0.4947106076063521
0.611302739479563
0.8244127014456905
0.8277261262096216
0.529977131277595
0.5403050411228961
0.5088302357584399
0.6193476468111858
0.5451185613612929
0.7252145421738847
0.4852538698598646
0.5616056917730726
0.7266899088297964
0.8754674907358889
0.8010018323511545
0.6449154598971514
0.9078780098721276
0.8448298361984139
0.6142714294381116
0.957039623763739
0.44495594564628665
0.6248769813772995
1.0580697164459234
0.5585779312494898
0.7658504966696033
0.6265082606117074
0.583610458677969
0.7619462344508474
0.5425416125400031
0.7839475824649793
0.6928747312506742
0.8024295268404606
0.5337774775073044
0.9765173040529004
0.7019211515626406
0.6646515343976411
0.5625211443090704
0.6200331355901262
0.5537003815893239
1.2719819800282224
0.5006611948183407
0.583214659267119
0.6155191866474898
0.5558917983818414
0.5635369419388039
1.4195198799821092
0.746553058374037
0.555495186416584
0.4720723535799526
1.4227450522137695
0.5394637502925456
0.6101535341304565
0.6269387459498466
0.48133391334131387
0.5937736825518177
0.4986001345638458
0.613503971777477
0.7139027499575816
0.500489601827756
0.4797766298655017
0.47639548029516376
0.6674252820861207
0.46221571863928423
0.7183900418187934
0.6378729183467428
0.5796151686137072
0.5123570202254555
0.7432326422251749
0.6820853120408271
0.637927765172294
0.4615679456477258
0.7286530681446232
0.7898146460107472
0.5184275151435578
0.5280656112571696
0.6322282873032055
0.6088645328766751
0.7586351899297148
0.737335722816317
0.5329970426639016
0.5685311846765712
0.5647200083159575
0.740452721110438
0.5709890850417033
0.4809595904244853
0.5819360114930145
0.6842905984689361
0.5483437995003348
0.5463560312164111
0.5289553764595976
0.46901282794300697
0.5887750618523718
0.47512827433436555
0.5549703070722048
0.7030307218381796
0.6300106971051719
0.7271482410233195
0.5706719600340723
0.5769592991125208
0.45542821998672356
0.7733930404949588
0.4520154709433153
0.6183230650123676
0.571547838582294
0.820345433135866
0.4276075002803808
0.5452384716979176
0.42961852749065194
0.7602631314207334
0.5533388869383031
0.4875931701415192
0.6164591285119435
0.8462278577373837
0.6038054693025039
0.618875463233274
0.5817463071151288
0.5248539729399537
0.5726031818591574
0.6526569539489345
0.5659270363796791
0.6454703128929749
0.7055636151436213
0.4599306614330151
0.7037016839984411
0.4955643419218097
0.7794984442389516
0.5101836874597665
0.5351706302534525
0.47980477643072206
0.857604762605054
0.6519313612082858
0.6079819930657877
0.6032834246687158
0.761417657825543
0.6454488178213832
0.5353403934204175
0.8231768976737269
0.6987117487875425
0.6735319133818009
0.7410224835173167
0.7584247002534293
0.5241757597738044
0.4838922348221901
0.5788038931073116
0.8315880482337112
0.5004528967605291
0.6395447054328409
0.6389693568239211
0.5090466134177457
0.4775710129740212
0.5051841956671579
0.7870284902844275
0.4540263602194099
0.586069638211398
0.6176809707638681
0.6374903546428594
0.4968352115792824
0.7519032020431876
0.6196741430261583
0.6600792066195625
0.9894972536744207
0.6930760446944213
0.8315448860136502
0.4700153857957234
0.8105594434257697
0.6306305124612609
0.6091490987937663
0.50706942794651
0.6159874398481375
0.7669600549714438
0.48047191189513044
0.6537385589983944
0.7887185696258746
0.6022345757901338
0.4577197418843499
0.8453558167527069
0.46920214381835734
0.5225350238317897
0.5111401427180498
0.42215396584323245
0.5111348714041462
0.7060582173899448
1.2080867379369515
0.6637008447951351
0.6413104531159542
0.643679200377096
0.7107194783639391
0.5896594691459826
0.6742703198423162
0.46111826687190044
0.5746701665520176
0.6534705143025269
0.9833460452473124
0.5716117117661613
0.5478615070416184
0.6529274758037016
0.6288254190425984
0.9253097928478774
0.7957983086963225
0.5030810298100639
0.5077448247652907
0.5897002860169378
0.6366160226791243
0.516848277542157
0.611984584259511
0.616537178758459
0.8761122180284417
0.5028160118647408
0.6931308021270908
0.5567424695196876
0.5578000285537807
0.5031551663696799
0.6697980875255634
0.8984269405169715
0.6415464379547133
0.4435470484618239
0.567465322227549
0.6474099060626454
0.7569518478670397
0.7383834268970407
1.3174797387095287
0.5636494009257709
0.4407631029390038
1.09495241807534
0.620792072674765
0.47436463759682007
0.5786621640925528
0.5793002666487411
0.5213478097736288
0.6310186790794143
0.5454979936109166
0.526015387329819
0.7260178415952377
0.446344753978881
0.7480611994491124
0.5347907174212577
0.6954973744236961
0.9174506750318644
0.5221311858211821
0.5586324255461761
0.5351432945982628
0.566514401911994
0.5504939240604099
0.4996367872512607
0.4540765268638568
0.6987342169727373
0.5490901670678595
0.754397036508146
0.45044355208028436
0.6580940766815497
0.7353115121172278
0.6710361568283203
0.6402479443771577
0.47383500461683276
0.5090931612509436
0.5314752552591556
0.8545800456229032
0.5657061799744959
0.9093512209324928
0.6766661989405741
0.6598289773410139
0.5483661264261843
0.6552452730557055
0.5552543659863074
0.6187541129343522
0.5720202498385705
0.5704900564188319
0.6171676980422653
0.5073134752989322
0.5846962560479301
0.5685095112304646
0.6447828825396287
0.7022719960046456
0.6366342271701984
0.543738084974147
0.9449280427461154
0.6239201792756744
0.6702682272162858
0.5056780679048022
0.7453665204080133
1.0200027759462662
0.6443880935588593
0.5362732600066764
0.4801615149741039
0.834090629215139
0.8785886783299707
0.47147098159771944
0.44695869479424416
0.8177331186336182
0.5386497669133197
0.47446366078659563
0.4378820955565232
0.6547970572008387
0.7170561143410255
0.5979847526263617
0.6478798965493762
0.5689614167438923
0.5997829179942299
0.5441407883888317
0.5523614995509466
0.48996456333298216
0.6975383946429713
0.9003259361256711
0.4837260489262676
0.6556600585490082
0.5535294073504237
0.6141790256713446
0.5307137618434264
0.6221945894746075
0.5072356657906805
0.5998977306512606
0.5635662624919963
0.6597854524788374
0.5064424798397621
0.5148994985560231
0.7047809899958598
0.5886967119345012
0.6715797757749203
0.6740359230886328
0.6660570564228254
0.6725581361426348
0.5624857965014862
0.5179579445132453
0.6393063843641988
0.6025875957289716
0.772462871494448
0.5919574951819226
0.5891789613112727
0.6372493903905669
0.5556132858468531
0.3870009699946881
0.5132059080285095
1.5499400327770108
0.5999455610433134
0.6740455073575219
0.5236461468008707
0.41806898409085785
0.6077888437145235
0.8144575490000208
0.8613294529595485
0.7481374733165955
0.5551443918029008
1.0688064559626431
0.5009593881569019
0.47612697622094646
0.6267198021912627
0.4882643774009036
0.5910811163721035
0.7161793283755667
0.7797136645404406
0.6701213631961094
0.6518979081910863
0.6118612284754957
0.912993284931722
0.528312849718787
0.5195682306379806
0.5260093413612681
0.47295043761854594
0.5425822948136498
0.5119680840334371
0.6374043044400192
0.4930192361606522
0.842166452090644
0.5700626693318744
0.5016627906442569
0.6395275502888506
0.7311817653023392
0.5425139107704589
0.5093410641093213
0.5908888524771283
0.8670382851405455
0.6220087524356824
0.541815711100516
0.6467027685048794
0.5359266232341429
0.5519622702038334
0.5332764815075137
0.6267369654875853
0.5061576284465233
0.5792754060639562
0.43788038009345914
0.649962651733035
0.7570750832518532
0.4915100780067812
0.6420056644447578
0.6003110085038978
0.6334860113839611
0.5374613747925675
0.5979824175371943
0.7603343173381883
0.5609517835554753
0.4406922168097428
0.6423437173324585
0.719125962086843
0.5201485794269308
0.5632615582633297
0.5896603414424705
0.5264225318838663
0.7130505738633471
0.8198376531813968
0.8426586470332004
0.4462395755949043
0.6774049616094777
0.5459219687956393
0.9619771930061999
0.7300151208236888
0.6124763495446
0.7334133533958959
0.5534585869798446
0.5303359082574035
0.5132630215278121
0.7159333758391602
0.5137308358619386
0.5310798955014434
0.43626479974557253
0.5149802604896071
0.5310865447332889
0.6996247510670689
0.7023467346631546
0.7095573690314205
1.2000313422182665
0.6238102596994461
0.6326655483609589
0.6213005630013998
0.5454451777791861
0.7578644982340175
0.5772852692891022
0.666618711608
0.4737485047137849
0.7083186999078707
0.5035829718776846
0.5434008977748427
0.4725631877121911
0.573270956275137
0.4539990246547646
0.5052665392198926
0.5403202901276577
0.4978411032029725
0.5519097118760932
0.6870329033034217
0.4714271596678643
0.6033283285395497
0.5621639526458524
0.7964102682600893
0.6019064121620125
0.5937894956444928
0.7995610813649877
0.720203000255502
0.5798499245388659
0.5192948172296946
0.5346694314893238
0.6466014655644297
0.5575207115739839
0.548784701878592
0.8510181954374607
0.5652219440588283
0.732094832873519
0.6750228518138336
0.6754579103869518
0.8812636105949307
0.5919696216933256
0.6515429657317284
0.4872366317102665
0.6582587835419588
0.6697325299805255
0.82201735937031
0.6304571632376159
0.7567069981077135
0.8566806153976384
0.642352328134751
0.8359559895780473
0.7068277145357713
0.6271904903259038
0.6440192013646074
0.5705001989097948
0.48151029121280536
0.6888286724858079
0.5233052822479236
0.550737391232532
0.5243898483229472
0.5368507787340181
0.5792284440443265
0.4108165866452311
0.6396014264797492
0.5512199461854678
0.5990408728766615
0.5059229909668984
0.813525382331945
0.48091904606620084
0.5344189266217535
0.688181043326404
0.5891781060886232
0.46231667809062876
0.8212723383755522
0.6305931834285091
0.5753579642706788
0.5692414965734811
0.6477701347428525
0.48945669911157436
0.6128814736795881
0.6197460167564779
0.7210672804827534
0.6174919642059901
1.0297362013327214
0.6713243830753804
0.7088520829094946
0.7565147106289719
0.691814652852894
0.48753692636572976
0.892918601694809
0.6399997003353157
0.5444757104052865
0.9125760164759114
0.6765952439631855
0.6867896588098152
0.4578571003646293
0.5422412761279198
0.5425180841346607
0.6894742466930219
0.614851744596437
0.6424458376530588
0.8386503752572778
0.6513647308546394
0.5202600468167488
0.6939367026240109
0.5675829019012968
0.5184016693786473
1.0938033155082427
0.665796363024723
0.6262846554379603
0.6466617007999754
0.6096986237438874
0.668935770948171
0.6678084943717432
0.5197253090392802
0.691517002913258
0.6138824704239397
0.8386309110249062
0.8565315206570636
0.5830890644056008
0.6523355688796902
0.6207796914164074
0.6405483183365149
1.668760581479859
0.6110444994941518
0.7521221440917951
0.6041526665578716
0.7194349375952719
0.8192393401438267
0.6777557457798375
0.5823832870047367
0.6746803439484874
0.8744621206523027
0.8330366755612446
0.766532661989887
0.48617301523417666
0.6390604464154657
0.5358457736358482
0.6177174016093703
0.5966178376081288
0.6980068726662073
0.5197167678346657
0.5762503978415557
0.4604909588242825
1.286407707052703
0.7591203763162878
0.645675642678189
0.7480266814577936
0.544967277910926
0.5432327749168676
0.6010492853018801
0.6178448390417701
0.6262679929314451
0.6141846482409231
0.7204555520434555
0.5281182581226492
0.8131470538403188
0.6801199340802685
0.8432234152119223
0.6419437266965415
0.5356173246329368
0.6137114814376486
0.645119528767073
0.6172235926891191
0.7443288686993887
0.48808399773063227
0.418470800499841
0.66347806454333
0.5255636062005494
0.5571954874265396
0.5250203116616159
0.5886308443466507
0.8620656487666666
0.661940368857009
0.6616568072443099
0.6446494853735374
0.618878972682363
0.5047030174965927
0.7528728321706903
1.6634311680024314
1.1173302282260387
0.674158086894563
0.6474273879133157
0.6707561448130805
0.6500355671348522
0.8228225452941623
0.7211749387523777
0.7068671701855003
0.5987892728270863
1.7227877035469361
1.409242786181117
0.5468127698320632
0.6756082038529666
0.6583904527258818
0.5202514997949466
0.46157514803918004
1.4799426622831016
0.8199010874279022
0.6893535668062243
1.7052212167382543
1.228385336086899
0.690460238021785
0.636861371916272
0.5854664149670845
0.6208833089108968
0.5739695714370774
1.5447938120006561
0.5796780840393306
0.7001529628244243
0.7903377386124562
1.4887339289451897
1.6128799711184538
0.6233912854736089
0.5265592379715167
0.5621073502541872
0.6567757534602552
0.5396905240113199
0.54434422380783
0.6440336975933972
0.630779594636328
0.6194163606776074
0.550374565064407
0.5809173039091867
0.7858001878784496
0.8409640846317326
0.5189718558341821
0.5134171417859447
0.6273668096960695
0.5977977058109634
0.6360673184097525
0.9575101319107258
0.562367338747594
0.6094931276843316
0.646315534975731
0.5389970726597086
0.5200575225946729
0.524827169232326
0.6582570261906548
0.6001126525795617
0.521790457096995
0.5704233067269072
0.596571255299911
0.6168932183187193
0.6524801058575264
0.5659680116233163
0.49742053509585227
0.5548681891972018
0.6578938946972945
0.5807110051692476
0.7692215608450129
0.5392914144258082
0.8746164740629302
0.6171461689833442
0.6839028403154114
0.6575148453359883
0.5852928693996724
0.6952432039612284
0.8518878638951207
0.530770062537635
0.5639448292150908
0.5999888311407595
0.838315051437084
0.532586356054971
0.556491735288332
0.5796995970751673
0.6053447500654491
0.5979161610545068
0.44425523271000195
0.586924669528047
0.9026860622164838
0.7565660883251681
0.5339988222904748
0.522997272656826
0.6275477454360561
0.6348205835530466
0.5027966838984881
0.4809872748372763
0.5787248633620456
0.5729875735362394
0.7030498808641299
0.6855606631827856
0.6164834865735637
0.5784414141502653
0.5762240263570743
0.6682240670310011
0.6961938710937926
0.7480058445150574
0.5672827127227339
0.825611001086028
0.6968751956865397
0.5959563064097377
0.48887541484241814
0.6443201750647731
0.6566243901756583
0.7660425360701226
0.5860133954288584
0.45966601789078426
0.6985084459775832
0.5957630339814828
0.8081386203031867
0.6982379382772741
0.5291862597689022
0.6315708605003795
0.5393113334105506
0.6424845677078188
0.7225510774830747
0.44949246076190663
0.5249786049299912
0.7607286754607696
0.7217534264694855
0.7993587641239247
0.788201534997286
0.6558223472375331
0.5641860252584531
0.7220657417058387
0.5986201100317694
0.5869941009769793
0.47593067588155175
0.5166828159144737
0.564917933645303
0.6615915050381546
0.7519987326977654
0.46783608812293626
0.7030940094419327
0.6299385003713972
0.5209798012465467
0.5627830953520109
0.6054124099904564
0.5858277510394524
0.6404606517753403
0.557216938253335
0.6047863879715528
0.4851192086666131
0.7257543867242988
0.6525845576290509
0.5485327443650622
0.6084455948925875
0.5541141511161294
0.598130649886731
0.6094236601051535
0.5357613788148395
0.5120311248963171
0.5278781555277188
1.042765633264835
0.6452716867535033
0.6822045790057601
0.586915960275059
0.4973770588084575
0.5312341603079883
0.5729736398168657
0.8381185793787812
0.884600819669112
0.5741104763707126
0.5904865361101699
0.6306162074207606
0.6504441717013189
0.4933118649166049
0.6433167282862812
0.46485401709525154
0.6079830234550291
0.6194584497075758
0.5764016256476152
0.540772578564494
0.5461735674484646
0.5565972549051518
0.594795130811258
0.4755746066893688
0.7234746531227066
0.5767343323177675
0.5009092074353151
0.8930241224626196
0.6122455431124372
0.4337024442983949
0.5640991543720782
0.6161586326905827
0.6725487912022935
0.6147961728896176
0.5366470346372526
0.7330749033277616
0.579781193423257
0.9918714446315625
0.6345043863109526
0.5751281270344292
0.6417715667596177
0.8154598084095583
0.6512267048527134
0.49841091587654135
0.6157663691583699
0.7868235062278935
0.4725910230148995
0.5551825081018565
0.7406988948910898
0.8833593502050415
0.6865728354578075
0.6161922073670719
0.5518085287607011
0.6548831982455638
0.4643943044151043
0.7132680012364732
0.6440464291468381
0.7747187507725948
0.5640998004985123
0.5066692225423849
0.44602956706517555
0.7138111833583792
0.583984340143225
0.6155007592472442
0.8291592687917081
0.5420784066287355
0.4628738018146652
0.6028414132538353
0.7541038366083505
0.6120101498674275
0.9065345660664788
0.7223622929286612
0.7232741061738309
0.6470082507994978
0.7513316479784922
0.5554459374340629
0.6796431412213577
0.5370226291395963
0.6181231821849266
0.8218210116091211
0.5331147798323331
0.5948342444388609
0.7539525430308543
0.597447038902962
0.7409740294386822
0.6634338185677295
0.6404160840096517
0.8125048350661458
0.8484767995664539
0.9267234133126281
0.8156370233691548
0.7691461225831026
0.7390120098067543
0.5988581112999938
0.5983932319877777
0.7646071828567714
0.5440453603491405
0.5306675131777413
0.5672133507261048
0.5480065423951901
0.6856774211086751
0.486759299112351
0.659976259215645
0.5990739938067188
0.5561404070767844
0.6082097904605894
0.8184595834421594
0.754723438899686
0.6499307869678188
0.5740065903512829
0.5355964127248661
0.8492182611038436
0.7373499230352943
0.590409031034088
0.5363211841589897
0.6870062260621819
0.48878778564971015
0.5975290374262784
0.7018880392780993
0.6256395380953347
0.6113087177063387
0.7286015950871679
0.7390385253055797
0.5752305543711551
0.6536894287716866
0.7182491095954862
1.0100343846767457
0.6663477801728116
0.6222822792220424
0.5011565637278094
0.6148425442453905
0.7173989046313183
0.572599880851471
0.9085236467596678
0.6975561005490987
0.6580424702205404
0.46976727553460235
0.6071837736771457
0.6612516283035174
0.591985755954409
0.6105412869465046
0.8128372145692991
0.5200334773731338
0.5050715700349945
0.7723470876984718
0.5824758067314957
0.5877921250071199
0.5377988991249034
0.5143680335358903
0.7145116677210934
0.5357106130857029
0.5475150343675417
0.5463154994056767
0.7048913103572697
0.7610592369960285
0.7828833186564356
0.5162149710995615
0.7674653466786445
0.5493675446583949
0.42761507880395866
0.6453698429276657
0.588864922509652
0.5032610482068791
0.5944811798976228
0.6043548448266242
0.4904173604486875
0.6868728411460124
0.8064886191493232
0.6077507861083031
0.4819746585324879
0.6459411881273746
0.7138631132985805
0.7451829297404594
0.6947702235991159
0.6549978565269844
0.5121612911085724
0.8022417720238004
0.5785831789496806
0.627855868330029
1.017758151259335
0.6747026637897641
0.6302083748616107
0.5981982887889044
0.640721730545211
0.5053177899601473
0.5702813339912018
0.6428857188024966
0.6662224649190707
0.5591922643410842
0.46208748789251464
0.8126365662529362
0.7870690976246663
0.8151105022491467
0.7339020046964276
0.607183253893733
1.2130627554779418
0.6593805134071405
0.5323643183224841
0.5613050137710242
0.590636720221094
0.6215222881497806
0.6762512426259226
0.6456727457613092
0.5773278013711476
0.6056081087877494
0.6108141084035059
0.5366958016394774
0.5092460723644292
0.7503638840960388
0.6228296739227268
0.5386504451982727
0.6865081729281053
0.9072221861924323
0.4891690461444573
0.7308394173973917
0.6174522007393299
0.8514234533125903
0.61132278075465
0.7579521285839506
0.5608400723487098
0.5929165210486373
0.5684268613681871
0.5958415119317877
0.6750184516974965
0.6440158993188677
0.7419384371942469
0.6052931064866846
0.5770997367334383
0.5505872730222915
0.8764828355100917
0.7704717923557229
0.6924005425816504
0.5887055265733158
0.535285479168177
0.6916884334934043
0.5969038058981512
0.5983173625292791
0.6783612790211384
0.5184537370534255
0.6328754147172314
0.6973466729977826
0.5023119204014606
0.5811002226560823
0.6486742371977996
0.5348976384975092
0.6568196034837221
0.7855744091978109
0.5258439907762169
0.8435571287103552
0.7236953184520873
0.6943689589606052
0.7325488159362946
1.4333677273931018
1.1933655124540186
1.4320951439958263
0.813383114425056
1.3104327633040178
1.3122928374008327
1.3619730413967246
0.751446149337376
0.5485805371217634
0.9569103284545746
0.7145445066163663
1.4356203483096008
1.0033803426785803
0.8823795571723648
0.935951231537167
1.1475536660298704
0.8588363676072607
1.0918533065800942
0.7617592749356953
0.7842875285469018
0.7110811171690566
1.0654417368817055
1.0352369987701557
0.8747549189326893
0.8014794847178665
0.8822759572206712
0.6326455191112164
0.9560758745335974
0.8702580854735465
0.9750798442972658
0.8701251753068676
1.3135210853425177
1.1950186421710278
0.756583785808218
1.2066290894109852
0.9182458758328735
0.9744737600695197
0.8829468489323686
1.110696707682703
1.163271053440672
0.8421875211347694
0.9859086575700166
1.2769326242752423
1.1311722952454688
0.8736725325875215
0.867986316189441
0.8890387080032093
1.0644187515902548
0.9759640796625577
0.7204995758446981
0.7850882696596002
1.022682459926688
1.2193816022503274
0.7231316754098842
1.1111968630049949
0.8954845944039416
1.0578385376225459
0.9597293313564986
0.7793079924893614
0.6438448877544196
1.551465075950412
1.0856203012795673
0.905164701389979
0.7895505822879932
1.1232821338598422
1.1479082264821934
1.150708813574829
0.8165796606550115
1.0261812401859498
0.7342373108103609
1.7436701419707616
0.9703141834415986
0.8244704860569597
0.7204565629176973
1.3858145080473951
0.8656949871858719
0.8182367008995489
0.9863465891332357
0.8853393773855862
0.9838736789398903
0.9420790584862162
0.9277761872018261
0.7703352903200141
1.472873443762493
0.7790550768209811
0.7309175088987936
0.8488645155500548
0.9277841216513228
0.7003849328253545
0.653416559216009
0.8749140805893113
0.7263845338667616
1.3289104670669458
1.4097244911793398
0.8422277175670119
1.2274679295014117
0.9283391191277305
0.7145445066163663
0.6943689589606052
0.5485805371217634
0.6158809889650007
1.0352369987701557
0.935951231537167
0.8747549189326893
1.2260631790327154
1.107338360590871
1.4356203483096008
0.741753309690657
1.1454907420573328
1.0657004244458144
1.3619730413967246
0.8822759572206712
1.1014710518530624
0.7236953184520873
1.5147577423816294
1.1475536660298704
0.7325488159362946
0.7617592749356953
1.022682459926688
0.9744737600695197
0.8986366715917332
1.2769326242752423
1.3112835144151431
1.2193816022503274
1.0644187515902548
1.163271053440672
1.1677586912281868
0.8829468489323686
1.2066290894109852
1.0900554148267518
0.8421875211347694
0.867986316189441
1.110696707682703
0.7204995758446981
1.160162225629033
0.8974941809137789
1.1238400141184515
0.8890387080032093
0.7231316754098842
0.8486623424894953
1.2282599127036757
1.045280112703693
0.9832413154227599
0.8488645155500548
1.1479082264821934
1.3528560454101448
0.9548031350122987
1.1041129027512597
0.9277841216513228
0.7895505822879932
0.9526927136836788
1.0012854126810828
1.551465075950412
0.9314606403556561
0.8749140805893113
0.8877611349421025
0.8997720691535642
0.9132030757435772
1.150708813574829
0.8400111242929529
0.7003849328253545
0.9597293313564986
1.4282986192238523
1.0578385376225459
1.0066537078857039
0.8165796606550115
0.7309175088987936
1.0020141680574193
0.6438448877544196
0.9703141834415986
0.653416559216009
1.472873443762493
0.8931554759831092
0.821459107602048
0.9144894584346474
1.2274679295014117
1.1696019659435717
1.0561754472854266
1.3289104670669458
1.4088604622437693
0.9082036591356016
0.8765324690070395
0.8791326400010809
0.8881709972401483
0.9592913330700413
1.3262301738647129
0.6827268858000799
0.8924953343838375
0.8614259127037968
0.8261162997919238
0.744223211252067
0.7583759019174661
0.9245985105871742
0.7120009124575144
0.7536030571783003
0.6575537671083816
0.938978597172661
1.0599044210477977
1.3122928374008327
0.7110811171690566
1.4356203483096008
0.7617592749356953
0.8576220274086446
1.1454907420573328
1.0654417368817055
0.7842875285469018
0.9082427962450982
0.7325488159362946
1.0352369987701557
0.935951231537167
1.0657004244458144
0.813383114425056
1.3619730413967246
1.1933655124540186
0.8014794847178665
1.0033803426785803
0.8690355216880531
1.1475536660298704
0.8747549189326893
0.8974941809137789
0.7116267816901148
0.867986316189441
0.5795249203450116
1.110696707682703
0.8067543641944617
1.022682459926688
1.035732115918954
0.8829468489323686
1.160162225629033
0.6754467090229909
1.163271053440672
1.1111968630049949
0.9759640796625577
1.072780465510523
1.3135210853425177
0.7204995758446981
0.8890387080032093
1.2193816022503274
0.7231316754098842
0.8415338359229326
1.3858145080473951
1.0261812401859498
0.9597293313564986
0.7309175088987936
0.8182367008995489
0.9277761872018261
0.7703352903200141
0.9458237475358139
0.6438448877544196
1.0232898116526064
1.0544239035011087
1.021450640252531
1.4080468457435993
0.7003849328253545
0.8749140805893113
0.6528763898281983
0.9420790584862162
0.8165796606550115
0.8931554759831092
0.9703141834415986
0.9277841216513228
0.653416559216009
1.472873443762493
2.4130565092196674
0.5884295813145849
1.3262301738647129
1.4683870224209963
0.8614259127037968
0.7997733579884754
1.0616210476640708
0.6702284630529416
0.7120009124575144
0.8719714115412777
1.0291343873998502
1.0536518235304437
0.9726419608650414
1.1696019659435717
0.8760220249649562
1.0460931463879686
1.0085139804970453
0.8356370794302689
0.7263845338667616
0.744223211252067
0.9256217011206236
0.9144894584346474
0.953168756695512
0.7593417621117968
1.0134568422015453
0.8862025807458344
0.7751424159253721
0.9648497251306042
0.6499808914861708
1.2641015754992662
0.7536030571783003
0.6827268858000799
0.926527224535267
1.0703449279419095
0.8576220274086446
1.3122928374008327
0.8747549189326893
1.1475536660298704
0.5485805371217634
0.7110811171690566
0.7617592749356953
0.8829468489323686
0.8986366715917332
0.9759640796625577
0.8377982417187629
1.022682459926688
0.8890387080032093
1.3112835144151431
1.1111968630049949
1.0614219408144203
0.6754467090229909
0.7231316754098842
0.7204995758446981
0.6528763898281983
1.0012854126810828
0.9703141834415986
0.9277841216513228
0.7703352903200141
0.9974382479811431
0.9277761872018261
0.9359142706462118
1.2282599127036757
0.7342373108103609
0.653416559216009
0.6528763898281983
0.9132030757435772
0.7309175088987936
0.8931554759831092
0.8488645155500548
1.1389655260772484
1.4080468457435993
1.472873443762493
0.7231663274441155
0.6975634715668828
0.7554915541217881
0.6987771088647411
1.0291343873998502
0.7481851653040469
0.6897852135494843
1.0123128608492014
1.3262301738647129
0.9779043293125773
1.0085139804970453
1.0396280648301373
0.8501052234493256
0.8924953343838375
1.0460931463879686
1.116856932652341
0.8346002641906585
1.1261198318624472
0.9934221739138227
0.7418115816161927
0.7722126904576098
0.8681086356776712
1.0561754472854266
0.8564468218289514
0.6048523471739925
0.6702284630529416
0.6760620459614847
0.6894517404723934
0.6553511534335883
1.0554655808374238
0.953168756695512
0.821459107602048
0.9734134320624316
0.7536030571783003
0.7593417621117968
0.744223211252067
0.8356370794302689
0.9085690569175723
0.7120009124575144
0.9144894584346474
0.9978784912897634
0.6827268858000799
1.2641015754992662
0.7263845338667616
0.6499808914861708
0.8261162997919238
1.0616210476640708
1.0400188492413143
0.744223211252067
0.7751424159253721
0.637412164657814
0.6907270961096723
0.7392324120768576
0.7812885033593462
0.9722799924932477
0.876376038698196
0.9079352546108977
0.926527224535267
0.8790043374900861
0.8374310716839133
1.0703449279419095
0.9742611076034715
0.7842875285469018
0.6943689589606052
0.8014794847178665
0.8747549189326893
0.9604158173809473
0.7236953184520873
1.3104327633040178
0.8822759572206712
0.7617592749356953
0.756583785808218
0.867986316189441
0.8829468489323686
0.9759640796625577
1.1311722952454688
1.160162225629033
1.2193816022503274
0.7231316754098842
1.1111968630049949
0.8997720691535642
1.4080468457435993
0.9526927136836788
0.9277841216513228
0.9703141834415986
1.1389655260772484
0.7309175088987936
0.8767886093909576
1.472873443762493
0.8924953343838375
0.8681086356776712
0.6946313617862023
0.7676971089144162
0.8719714115412777
1.119441674032775
0.6048523471739925
0.9157323674470401
1.1174083501032317
0.868763047319837
0.7593417621117968
0.8161361527552325
0.9085690569175723
0.6575537671083816
1.2641015754992662
0.8564468218289514
0.744223211252067
0.7922254098549594
0.6827268858000799
0.8862025807458344
0.7722126904576098
1.494618123931
0.7894305762187135
0.8614259127037968
0.7459321024782634
1.224243134457023
0.8968156431020882
1.0561754472854266
0.6760620459614847
1.0929698920878903
0.6499808914861708
0.7120597097059279
0.7120009124575144
0.7231663274441155
1.0554655808374238
0.6894517404723934
0.7481851653040469
1.0616210476640708
0.6702284630529416
0.7536030571783003
0.9144894584346474
0.8256969708534059
0.953168756695512
0.9557606134195805
0.7751424159253721
0.8820361518711565
0.9722799924932477
0.886737097835281
0.7907682536496989
0.7567812880479842
1.2214211206136947
0.8619336062695797
0.8374310716839133
0.878806932834663
0.9740216922199775
0.7809303882448869
1.1169723795343685
0.7392324120768576
0.6907270961096723
1.0651898738985146
0.9079352546108977
0.5905445389904338
1.1375084129639168
1.2347111069693841
0.9742611076034715
1.0871254237328833
1.0685722666079251
1.0599292041749364
1.0703449279419095
1.0141369606262374
1.1957666797819508
0.8790043374900861
0.7812885033593462
1.107338360590871
0.813383114425056
1.2786419352882907
1.472873443762493
0.9277841216513228
1.4080468457435993
0.7342373108103609
0.8997720691535642
1.1389655260772484
0.8767886093909576
0.9978784912897634
1.116856932652341
0.9085690569175723
1.133315052517311
0.9485291403323988
0.9557606134195805
0.7120009124575144
1.169029200765588
0.9780545946690372
1.1174083501032317
1.2641015754992662
0.8564468218289514
0.7459321024782634
0.7448216364299894
0.7004490207007616
0.8968156431020882
0.7924934653299012
1.0616210476640708
1.0929698920878903
0.9157323674470401
1.0561754472854266
1.0243342069918782
1.1178505072647322
0.953168756695512
1.0554655808374238
1.0460931463879686
0.6702284630529416
0.8271989414327038
0.7524504439627879
1.0628784739582977
0.8256969708534059
0.6827268858000799
0.9938253253572185
1.2115672810436724
0.7528211210570988
0.7894305762187135
0.7812885033593462
0.7295898975205085
1.2918281902799078
1.0651898738985146
1.126920141479188
0.9945734723458178
0.7211647107804562
1.0703449279419095
0.9901942944563339
0.6876963014898386
0.8113267191747594
0.9462946440161037
0.6727433789629759
1.0953050484838613
0.637412164657814
0.9174273446635649
0.985111174743411
1.2214211206136947
0.876376038698196
0.9225149894825564
1.0685722666079251
0.886737097835281
0.9740216922199775
0.985111174743411
0.8434448236818728
0.9079352546108977
1.0614023541034585
0.8836944209697098
0.8419190674910028
0.8619336062695797
0.9742611076034715
0.7805132442103346
0.9286616538177774
0.9869236731509239
0.8816562970517128
0.5905445389904338
1.0013927024826803
0.7567812880479842
0.8660395378216004
1.0871254237328833
1.1169723795343685
0.7809303882448869
1.1375084129639168
0.7110680367055003
1.0599292041749364
0.7832035171908895
0.8820361518711565
0.7868534396295808
0.8302308978648151
0.9138342292632606
0.8251150440662707
0.678797601620771
1.0241465601918454
0.8634662294263306
0.6460750182441043
0.39260438009218884
0.6197569993504003
0.43829516328185586
0.43877518989690595
0.4281234680424138
0.3951641167690821
0.5181095898752314
0.5928116134373044
0.4683670228611432
0.5346217032303211
0.4079847510739259
0.40179443005954923
0.4120031398046821
0.4054321662427453
0.38132277389144675
0.4156065648732506
0.3503592600431061
0.4299743679204393
0.4031347976743682
0.45347492653337385
0.3763883569853849
0.3655658208346083
0.393515648120764
0.524936706871294
0.4072857858146428
0.35874390715751153
0.35970262739821923
0.3504787575518179
0.41153495388208644
0.39013372347218384
0.3919389958586399
0.4430910631179173
0.4591091850423414
0.6678722466828596
0.4150879548400037
0.41299825927869277
0.3929609288340019
0.40850940012716863
0.32840303668089943
0.42817384998109614
0.5645070117963356
0.963611144918084
0.47432166457184605
0.3674081819027133
0.36483980604124233
0.4127576674590712
0.5893195478169969
0.35567634500284157
0.42747439411839344
0.41328453988978925
0.31883280258911423
0.5026472015446218
0.43342553464234457
0.425979363695059
0.3842707733679117
0.43315739132145326
0.46114775575738914
0.3297556255025034
0.4892193790569851
0.5006502955411986
0.5248574129765482
0.32679600665309555
0.33805620834474276
0.4988887671013921
0.6496883208859408
0.5305466597593601
0.5033254693452479
0.43785753913563713
0.39007885223769395
0.35801565282559406
0.4433884386679745
0.48852680440508683
0.3680788684563952
0.5220055534710719
0.32119099699830406
0.3676371726162943
0.358112942916912
0.4931711472408044
0.526523141527871
0.40572209180963587
0.4537479777165865
0.3764804158106016
0.36930451047258367
0.38922422212243263
0.6046988417405051
0.5365508815012926
0.47487210070977065
0.3888883016268675
0.34602982961756934
0.3487660460496316
0.4122214341967188
0.42058624757770247
0.5109963683597556
0.5739433773304451
0.6118543356008266
0.45440060958271267
0.40840761369474904
0.3547516529323862
0.33092710605336645
0.4698962686448906
0.44681920147996024
0.461386109335666
0.4423090110166165
0.3104153830430545
0.43242740212335856
0.4190174454133628
0.4452331047258954
0.4885722249234548
0.40689646859148987
0.4518225843055507
0.5507082651471995
0.5163184329400704
0.42847319767727887
0.3936129542688138
0.33469907741947025
0.39723028360815565
0.34422775263114264
0.36049175865914335
0.37641396008822303
0.3675424657045762
0.3965069578408227
0.5093987086713218
0.36733973971809375
0.4368946740863313
0.39941870907774435
0.5492299291892163
0.5049359723808878
0.35632788721436787
0.33989081914036734
0.5792936019548333
0.4621959033873347
0.4256932564214693
0.41744156432420065
0.3565967265816631
0.3903512813440365
0.44620151099111255
0.3527633215303522
0.45241838673542606
0.3652425705195946
0.334622019057854
0.34040385520235406
0.36903063406286485
0.33411491464997983
0.3473367863405278
0.45250736835308847
0.40782285335699975
0.3248239612034576
0.35651750220732625
0.4848368000267563
0.38957988053314035
0.31813649255037163
0.4844592921022125
0.3568349713393378
0.37636462917187435
0.3140357774492503
0.37040151494758694
0.35797863173463385
0.4118920819187692
0.6131972250195015
0.3783301813482069
0.41421701172063263
0.4921269874174119
0.3971397110820366
0.3041926916855839
0.4068333780880189
0.4978580301113004
0.4027091262650112
0.3516398524694773
0.48231608478826954
0.5459808858376816
0.37429310199317545
0.46630752442534334
0.3545385404696183
0.4539244573399301
0.3535951816432196
0.41416986352596674
0.41235284866234573
0.469095189771898
0.4503350469085786
0.44765798567147086
0.3674089409923467
0.3128957332814256
0.4241526625863391
0.38506140645365683
0.5723447974882673
0.3493145944934087
0.44631980992911696
0.502282180683103
0.4355542736005607
0.3249535697380811
0.44763390874394404
0.486536220615671
0.3451557587816692
0.4350780162597564
0.6893084663730039
0.3503806552301424
0.45236254026102
0.5421473145440162
0.35274651827385234
0.49639390948340967
0.3681635739091271
0.40076338463687877
0.377074377993476
0.3607189608198692
0.31652296993706863
0.35311540068214475
0.42784486795117815
0.4556268668342469
0.42083522499304943
0.4450414335236453
0.40166993222977543
0.4134366928308589
0.39927217767553436
0.5653374327904076
0.38314432229761697
0.38614426916354927
0.3850486718093769
0.5284486258266529
0.3454962490747904
0.41134549621289
0.4214263223664176
0.5682945434371329
0.4853536197018782
0.5787783209786311
0.384953770466835
0.5267556386436414
0.4392031902898769
0.43283479681674664
1.2696504723742945
0.5719783016017689
0.3053129079439075
0.4159676412526809
0.4145033719535003
0.41387752673555295
0.38330420214433575
0.34524169061080756
0.35824779852014454
0.3627672423858134
0.38141282725607495
0.37617642729062517
0.35560404452090905
0.42612970619731194
0.4634314024860616
0.42303287736744166
0.44075155066731087
0.3401909539864999
0.42204657584259897
0.5293223398631133
0.3341112569256036
0.3458366741508266
0.3486202150931249
0.42283514113491405
0.3444415996456861
0.3402322654051097
0.3784204410966237
0.31944474938026474
0.6366708825589747
0.36535976338335446
0.4610248889870758
0.3465981661583234
0.6678465231567827
0.34427686706602767
0.5102796920891806
0.392093532894112
0.3892133008069754
0.37388524108708293
0.42467653090493895
0.3735773993216493
0.383357017624703
0.43079957943824754
0.4765718473721535
0.3828796282333374
0.3602029768772066
0.35738725387581916
0.45707910120782635
0.438519252908929
0.5073635000176329
0.40471192911606846
0.48432030076386984
0.3777696241936158
0.44829392791402073
0.44709885280285877
0.32042708346642734
0.5141073045456537
0.4155332435937116
0.4667177425057094
0.3878902695770051
0.5727656647791641
0.37907549308746624
0.6762436334049714
0.33986349023047924
0.3964138664005706
0.5285650022837537
0.36446374078648675
0.5090009622706902
0.475342892483298
0.36688448438578214
0.6016764080453885
0.40547921302175155
0.46368593833378596
0.4216925163366849
0.4041610091215724
0.4597696344366581
0.3421214495087314
0.4363235835908935
0.36680728974346505
0.42025142846291735
0.37520240606959104
0.33874519392804775
0.4130913169935513
0.4709489878795854
0.4153458996002238
0.3555618837306373
0.3213788939095145
0.43583306793800786
0.3782138783659655
0.3636659171187562
0.36317869590846125
0.5892709357313829
0.4282431226239054
0.32601670127290244
0.43117473430684555
0.3627115054735896
0.4622550233687935
0.37493884455459753
0.4065115575816239
0.41300667602004426
0.37047568425669725
0.48348560826020454
0.3545866744898424
0.3886006634890066
0.3964439695684767
0.4883225949896904
0.47795215055656304
0.5916589465859111
0.4552016845440957
0.3392403287412184
0.44170976830769637
0.3950257538323978
0.3850828284519374
0.4972022797066164
0.45777025366005786
0.4210087376021489
0.3830413478851856
0.5262917009123766
0.3443645389114136
0.35468119517562174
0.477727602318356
0.43027482356637864
0.30891896181374257
0.4459199051938271
0.6705934325067782
0.42579234888160444
0.3963983918980069
0.3696998681483953
0.43047539970047954
0.42134410255777976
0.73891306490515
0.3536476285364422
0.39203024511645024
0.4830092599788279
0.31838898695113266
0.3532680866163482
0.4392971086428408
0.42759900578593846
0.4115691095024873
0.6658917486162494
0.33894268887019435
0.4735668654812147
0.431985100218768
0.3638553648898437
0.5781580335778767
0.42816747126330645
0.4376245854600244
0.3961444401066457
0.6211786386918476
0.45100361300672304
0.43931394017514436
0.5316410387113922
0.36998507140201004
0.48553933779631975
0.40928593183551754
0.4742137918984374
0.46672289512514015
0.5131285506976064
0.40780824109679414
0.377108057924598
0.5886268168209682
0.3380088854868446
0.4057200537385628
0.44210723076049413
0.371497288303515
0.3721427068460196
0.5136479337698103
0.42312873746396734
0.42598004020975805
0.4584760771724489
0.3912285634604881
0.36079961546411926
0.397851717182841
0.49625902214929574
0.4912573400683713
0.35185804742907106
0.3954211821542805
0.33502121092081333
0.4043985988462924
0.38503955473760554
0.46839777252298154
0.40009541395280995
0.564244799110716
0.42027578015924494
0.4069524099820813
0.3485049422806527
0.33305613369351905
0.9584234315224901
0.4452058120804131
0.3596167610210103
0.3308498733409762
0.38779031550421683
0.38594687429935104
0.4569010040598673
0.4306011497029784
0.5243868332891148
0.33111390091393217
0.4350997383870522
0.42257610364984916
0.4505494690888535
0.43076867115865747
0.4929582609145775
0.4615200368282883
0.4497339356757813
0.4090456675105729
0.8271325133464631
0.38231860499899256
0.310616651827572
0.4023440167769337
0.4431710272275677
0.3409685434121733
0.5951143807011531
0.3521700128769486
0.3554351464472961
0.34347782257009457
0.41210136484653614
0.40267938990951235
0.37923697754581065
0.4747113027893947
0.38412524255551395
0.3861507930304539
0.46394027031638907
0.47421537111035456
0.40304911845260427
0.4086413043323279
0.6380225507974069
0.43437350445560835
0.39226731286573613
0.3981138197715015
0.4491322742446434
0.4802181212261175
0.31072035778235396
0.5206350660396803
0.3045680829430322
0.36623084936537315
0.4891126767940034
0.5235073722708862
0.317179115566327
0.3382829016979102
0.532770582444825
0.3928926820612364
0.37527512295970633
0.4649951908596733
0.40387926271850083
0.46411324978040625
0.8545313668988714
0.3650662466792317
0.46996440084834423
0.3301982123913077
0.4570309860250142
0.47429161919723106
0.4298667559335693
0.4203795023450863
0.3628447911322907
0.3082902502305516
0.3372129742942033
0.6120530257536367
0.45776215359930306
0.40077781892014985
0.38369379443146784
0.4161069109651119
0.4491533430662759
0.3714765313951613
0.3608301565360237
0.44054763219355947
0.36522968712491155
0.44959997108801175
0.33252866200522935
0.5556251991959047
0.3647402068093741
0.3578579543361636
0.44211352751195715